2
2
3
4
5
6
6
6
7
7
9
10
11
13
15
15
15
16
17
17
18
19
19
20
20
20
21
23
27
27
29
30
32
33
34
34
36
38
38
38
39
40
40
42
43
43
43
44
44
47
49
49
49
50
51
55
56
56
58
60
60
62
63
64
65
68
68
69
70
71
71
71
73
73
74
76
76
77
78
79
80
80
82
83
84
84
84
85
88
89
90
92
93
96
97
98
98
99
101
101
101
102
102
107
107
108
109
109
110
113
115
116
117
118
118
119
119
119
120
121
121
121
122
122
122
128
129
129
130
131
133
133
134
134
134
135
136
136
138
138
139
139
139
139
139
139
142
143
145
147
148
149
151
151
152
153
158
158
161
162
163
165
166
167
168
168
169
170
172
172
172
174
176
176
177
178
178
179
179
182
184
184
185
185
186
189
194
194
195
196
196
196
197
197
197
198
199
199
200
203
203
204
204
205
206
207
207
207
208
208
209
209
209
210
212
212
212
213
213
215
216
217
218
218
219
220
220
222
223
224
224
226
227
227
227
228
229
231
233
233
235
236
237
237
238
238
242
248
248
248
249
250
250
251
252
253
256
258
259
260
260
260
264
265
268
269
269
269
269
271
273
273
273
273
273
275
276
276
276
278
279
279
280
283
283
286
286
287
289
290
291
291
292
293
294
295
295
297
298
300
300
301
303
304
304
304
305
307
307
308
311
313
318
319
319
320
320
321
322
322
323
325
326
328
328
328
329
330
330
330
333
334
334
335
335
335
336
337
339
344
345
346
346
346
347
349
349
354
355
356
356
357
358
362
365
365
366
368
370
371
373
375
377
378
381
381
381
381
381
382
382
384
384
385
386
388
388
388
388
389
390
392
393
394
394
400
400
400
400
401
402
403
405
406
406
406
408
408
409
410
412
412
412
414
416
416
417
418
419
422
422
422
423
423
424
425
425
425
426
426
427
431
433
437
437
438
439
443
443
444
445
447
447
449
449
449
450
451
451
452
452
453
454
455
455
456
456
458
459
460
462
462
463
464
464
464
466
467
468
468
471
472
473
473
475
476
476
477
477
478
479
480
480
480
480
481
482
483
483
483
483
484
484
484
486
488
489
490
491
491
492
492
493
495
495
497
498
499
500
501
502
503
503
503
504
505
507
507
510
510
512
513
514
515
515
515
520
520
524
524
526
529
529
530
530
530
531
531
532
534
534
535
535
535
535
537
538
539
540
542
542
543
544
544
545
546
548
550
550
553
553
553
555
558
560
560
561
563
563
566
566
568
568
568
570
570
573
573
573
574
575
575
576
578
579
579
582
584
586
586
587
587
587
589
589
590
592
593
594
594
596
597
598
600
600
602
602
604
605
606
606
606
607
607
609
609
610
610
610
610
611
614
615
617
617
621
623
624
624
627
628
628
628
629
629
630
630
632
634
634
636
637
639
639
640
641
641
641
642
643
643
644
645
645
647
648
648
649
650
651
651
651
652
652
654
654
654
654
655
655
655
658
658
659
661
661
661
662
663
663
663
664
665
665
665
667
667
667
668
671
673
673
673
674
676
676
678
679
680
680
681
681
681
682
683
684
687
687
689
691
692
692
694
695
697
697
700
701
702
704
705
705
706
706
706
707
707
712
712
712
713
714
715
717
719
719
719
720
720
721
722
722
722
722
723
723
723
724
725
726
727
728
728
728
729
730
732
732
735
736
737
740
741
741
741
741
742
742
743
743
743
743
749
749
751
752
753
754
757
758
758
759
760
760
761
763
763
764
764
766
768
769
769
770
771
771
772
772
773
773
775
776
777
778
780
781
783
784
784
785
786
786
787
787
789
790
792
793
794
795
796
797
797
798
799
801
801
801
802
803
804
804
804
805
807
808
809
810
810
810
811
812
813
815
816
817
819
820
821
822
822
823
825
825
826
826
827
827
828
829
830
830
831
831
832
832
833
835
836
838
842
842
843
845
846
847
848
849
850
851
854
855
855
855
855
855
855
856
858
860
860
861
862
863
863
863
863
863
864
867
868
868
869
869
871
872
873
873
874
874
874
875
875
877
879
880
881
882
884
884
886
886
889
890
891
892
895
896
896
897
900
901
902
905
907
908
910
910
912
914
915
916
918
919
919
920
920
922
924
925
925
925
925
926
926
928
928
928
928
928
932
935
935
936
938
939
940
940
943
943
944
944
944
945
945
950
950
952
953
954
955
956
956
956
957
958
958
961
962
962
962
962
963
964
966
967
967
968
968
970
971
974
974
975
976
979
980
981
982
982
982
985
986
986
987
988
989
989
992
997
1001
1001
1001
1003
1005
1005
1007
1007
1008
1010
1012
1013
1013
1013
1013
1019
1020
1023
1023
1023
1023
1024
1028
1028
1028
1029
1030
1034
1037
1038
1038
1040
1040
1042
1045
1045
1046
1047
1047
1048
1049
1050
1052
1054
1054
1055
1058
1060
1061
1061
1064
1064
1065
1065
1067
1068
1069
1070
1071
1072
1072
1072
1074
1078
1079
1080
1080
1081
1082
1082
1083
1083
1084
1085
1085
1086
1087
1088
1091
1092
1093
1094
1095
1095
1096
1098
1098
1100
1102
1103
1103
1103
1106
1106
1106
1106
1106
1106
1107
1107
1109
1110
1110
1111
1115
1115
1116
1116
1117
1119
1120
1121
1122
1122
1124
1124
1125
1125
1126
1127
1129
1130
1130
1131
1132
1133
1133
1133
1134
1134
1135
1135
1135
1137
1139
1140
1140
1142
1142
1145
1146
1148
1149
1151
1152
1154
1156
1156
1158
1158
1158
1158
1159
1159
1160
1161
1162
1162
1163
1163
1164
1165
1165
1166
1167
1169
1172
1173
1175
1175
1176
1178
1179
1180
1182
1182
1183
1183
1183
1186
1186
1186
1187
1187
1188
1189
1189
1190
1191
1195
1195
1195
1197
1197
1200
1201
1203
1204
1205
1205
1205
1206
1208
1208
1208
1208
1212
1212
1212
1212
1213
1214
1215
1216
1216
1216
1217
1217
1217
1220
1221
1222
1223
1223
1224
1224
1224
1225
1225
1227
1227
1230
1230
1231
1231
1232
1235
1237
1238
1239
1239
1239
1240
1240
1240
1241
1241
1241
1242
1242
1243
1248
1249
1250
1251
1251
1253
1253
1255
1256
1256
1256
1258
1259
1260
1261
1261
1261
1265
1265
1265
1266
1266
1268
1270
1270
1272
1276
1276
1276
1276
1278
1278
1278
1279
1283
1284
1285
1288
1288
1289
1290
1291
1291
1292
1295
1295
1297
1298
1300
1301
1302
1302
1302
1302
1304
1308
1309
1309
1309
1310
1311
1312
1313
1317
1317
1319
1320
1320
1321
1322
1323
1323
1323
1326
1327
1327
1329
1329
1329
1330
1330
1331
1333
1333
1335
1335
1339
1342
1344
1344
1347
1349
1350
1350
1351
1351
1352
1352
1352
1353
1353
1353
1355
1355
1357
1358
1359
1359
1359
1361
1361
1362
1362
1368
1371
1371
1371
1371
1371
1371
1373
1373
1375
1375
1376
1378
1378
1379
1380
1380
1380
1380
1380
1381
1382
1387
1389
1389
1390
1390
1391
1393
1393
1395
1395
1396
1396
1397
1400
1402
1403
1404
1405
1406
1407
1408
1409
1409
1410
1410
1414
1414
1417
1420
1421
1422
1423
1423
1424
1425
1427
1431
1431
1432
1434
1435
1435
1436
1437
1440
1440
1440
1441
1444
1444
1445
1447
1450
1453
1454
1455
1457
1458
1459
1459
1460
1460
1460
1462
1463
1464
1466
1467
1470
1471
1471
1471
1471
1472
1472
1473
1474
1474
1475
1477
1478
1478
1479
1479
1480
1481
1483
1483
1483
1483
1483
1485
1485
1486
1488
1488
1489
1490
1493
1493
1496
1496
1496
1496
1496
1497
1498
1498
1500
1500
1501
1501
1502
1504
1504
1505
1506
1506
1509
1512
1512
1513
1513
1515
1517
1518
1520
1522
1525
1528
1529
1529
1530
1532
1533
1533
1533
1534
1534
1534
1535
1535
1537
1538
1539
1540
1542
1542
1542
1543
1543
1545
1548
1549
1549
1550
1550
1551
1551
1551
1552
1553
1554
1555
1555
1555
1555
1555
1559
1561
1561
1562
1562
1563
1563
1563
1564
1564
1566
1569
1570
1571
1571
1575
1576
1578
1578
1579
1579
1580
1583
1584
1584
1586
1586
1587
1590
1593
1593
1594
1595
1596
1598
1598
1598
1603
1604
1606
1609
1609
1609
1610
1611
1612
1614
1616
1616
1617
1617
1619
1619
1620
1620
1622
1623
1624
1626
1630
1630
1631
1632
1633
1633
1634
1636
1637
1639
1640
1642
1646
1649
1649
1649
1649
1650
1650
1650
1651
1653
1654
1655
1655
1656
1659
1662
1662
1664
1666
1667
1670
1671
1671
1671
1671
1672
1672
1673
1676
1677
1678
1679
1679
1681
1682
1683
1686
1686
1690
1691
1691
1692
1693
1694
1696
1697
1697
1701
1701
1701
1703
1703
1704
1705
1706
1707
1709
1709
1710
1710
1711
1712
1715
1715
1717
1717
1721
1722
1723
1725
1725
1725
1726
1727
1727
1728
1728
1729
1729
1729
1733
1734
1735
1735
1736
1736
1736
1736
1736
1738
1738
1738
1741
1742
1742
1745
1745
1746
1751
1752
1755
1756
1756
1756
1758
1758
1758
1759
1760
1760
1761
1761
1761
1762
1763
1764
1765
1765
1766
1766
1770
1771
1772
1773
1773
1773
1775
1777
1779
1779
1780
1780
1782
1783
1784
1784
1784
1785
1785
1786
1787
1788
1789
1789
1790
1790
1790
1791
1792
1792
1796
1796
1797
1797
1798
1801
1802
1802
1802
1803
1803
1804
1808
1810
1811
1811
1812
1813
1816
1816
1817
1818
1818
1818
1818
1819
1821
1822
1822
1823
1824
1825
1825
1829
1830
1831
1832
1833
1833
1833
1835
1837
1837
1838
1839
1841
1841
1841
1842
1843
1844
1846
1847
1848
1848
1848
1850
1853
1853
1853
1854
1854
1859
1862
1863
1863
1864
1871
1878
1878
1878
1879
1879
1879
1880
1880
1881
1881
1884
1885
1885
1886
1887
1888
1889
1889
1891
1892
1893
1895
1895
1896
1896
1897
1898
1898
1899
1899
1902
1902
1904
1905
1905
1905
1906
1906
1907
1908
1910
1910
1911
1912
1912
1912
1913
1914
1915
1917
1918
1918
1920
1921
1922
1924
1925
1925
1928
1929
1929
1931
1932
1933
1933
1935
1935
1939
1939
1939
1940
1940
1940
1941
1943
1944
1944
1947
1948
1950
1950
1951
1952
1953
1955
1956
1958
1959
1960
1962
1962
1962
1962
1968
1969
1971
1972
1972
1973
1974
1974
1975
1976
1977
1977
1977
1980
1980
1982
1983
1983
1984
1985
1987
1987
1987
1988
1989
1989
1991
1993
1994
1995
1999
2000
2000
2001
2001
2001
2001
2001
2002
2003
2005
2006
2006
2007
2007
2008
2011
2017
2018
2019
2019
2019
2022
2023
2023
2024
2025
2026
2026
2026
2027
2028
2030
2031
2033
2034
2035
2035
2035
2035
2037
2038
2038
2039
2040
2041
2041
2044
2045
2046
2047
2047
2049
2050
2051
2051
2052
2053
2053
2055
2059
2062
2062
2066
2066
2067
2067
2068
2068
2069
2069
2071
2073
2076
2078
2080
2080
2081
2082
2083
2083
2084
2084
2085
2086
2087
2088
2092
2093
2093
2093
2093
2094
2095
2096
2096
2097
2097
2101
2101
2103
2105
2107
2107
2108
2108
2110
2114
2116
2116
2116
2116
2118
2119
2119
2120
2122
2122
2122
2124
2124
2125
2125
2125
2126
2127
2129
2130
2131
2132
2132
2133
2133
2134
2135
2137
2137
2138
2138
2139
2139
2145
2146
2146
2148
2149
2149
2149
2151
2152
2155
2156
2156
2156
2156
2157
2159
2160
2162
2162
2163
2165
2166
2167
2167
2169
2169
2171
2173
2173
2174
2174
2174
2175
2175
2177
2178
2179
2179
2181
2183
2184
2185
2186
2186
2189
2189
2190
2192
2194
2194
2196
2196
2197
2198
2200
2202
2203
2205
2205
2206
2207
2207
2208
2209
2210
2211
2217
2217
2218
2218
2218
2219
2223
2223
2224
2227
2229
2229
2229
2231
2232
2232
2232
2233
2235
2236
2238
2238
2239
2240
2240
2241
2243
2243
2244
2244
2248
2248
2249
2250
2251
2251
2252
2253
2254
2255
2256
2257
2258
2258
2258
2258
2258
2259
2260
2260
2261
2261
2262
2262
2262
2263
2263
2263
2263
2264
2265
2266
2266
2267
2268
2268
2269
2269
2269
2270
2271
2271
2274
2275
2275
2275
2277
2277
2277
2277
2281
2281
2281
2281
2282
2283
2287
2287
2288
2288
2293
2294
2295
2296
2297
2297
2297
2299
2302
2302
2303
2306
2307
2309
2310
2312
2313
2313
2315
2317
2317
2318
2319
2319
2322
2322
2323
2323
2325
2327
2329
2332
2332
2335
2336
2337
2337
2339
2342
2343
2343
2343
2344
2346
2348
2348
2350
2353
2353
2353
2354
2355
2357
2358
2359
2360
2360
2361
2362
2363
2363
2363
2363
2364
2365
2366
2366
2366
2366
2366
2367
2370
2370
2370
2370
2370
2371
2371
2371
2371
2373
2375
2376
2376
2377
2377
2378
2378
2379
2380
2381
2383
2383
2385
2386
2388
2389
2390
2391
2392
2392
2393
2394
2394
2396
2396
2398
2398
2399
2399
2400
2401
2401
2401
2403
2403
2404
2404
2405
2406
2406
2407
2408
2408
2409
2409
2411
2412
2412
2416
2416
2417
2418
2420
2421
2421
2422
2423
2423
2424
2425
2427
2429
2430
2430
2433
2434
2435
2436
2436
2437
2438
2439
2439
2443
2443
2444
2446
2447
2447
2448
2449
2449
2452
2453
2453
2454
2455
2456
2457
2458
2458
2462
2462
2464
2465
2465
2467
2467
2468
2468
2469
2470
2473
2473
2474
2474
2475
2477
2478
2480
2480
2480
2481
2482
2486
2487
2487
2488
2488
2489
2491
2491
2494
2494
2496
2497
2497
2497
2499
2499
2501
2504
2510
2512
2512
2513
2513
2514
2515
2516
2518
2518
2519
2519
2519
2521
2522
2523
2523
2523
2524
2525
2527
2527
2529
2530
2530
2531
2531
2532
2533
2535
2539
2539
2539
2541
2541
2541
2544
2545
2545
2545
2547
2547
2548
2548
2551
2551
2552
2554
2556
2556
2557
2558
2562
2563
2563
2563
2564
2564
2565
2568
2568
2570
2570
2570
2571
2571
2572
2572
2574
2580
2580
2582
2582
2584
2585
2585
2587
2588
2589
2589
2590
2590
2592
2593
2594
2595
2595
2595
2597
2597
2597
2598
2600
2601
2601
2603
2605
2605
2607
2614
2616
2616
2616
2617
2618
2618
2620
2620
2621
2622
2622
2623
2624
2624
2624
2625
2625
2625
2626
2627
2627
2629
2629
2629
2630
2630
2631
2632
2633
2633
2634
2634
2635
2635
2635
2636
2636
2636
2636
2637
2637
2639
2641
2641
2642
2642
2642
2642
2642
2643
2644
2644
2644
2645
2646
2647
2647
2647
2647
2649
2650
2651
2652
2653
2654
2654
2655
2657
2659
2661
2661
2662
2665
2666
2666
2667
2668
2669
2671
2675
2676
2677
2678
2679
2679
2681
2681
2682
2682
2682
2684
2684
2685
2687
2688
2688
2690
2691
2691
2691
2691
2692
2694
2694
2695
2695
2698
2698
2699
2701
2701
2702
2702
2702
2703
2705
2705
2706
2707
2709
2710
2710
2710
2711
2712
2712
2714
2715
2716
2717
2717
2718
2719
2720
2720
2721
2722
2723
2724
2725
2726
2727
2727
2733
2733
2733
2734
2736
2736
2738
2738
2739
2739
2741
2742
2742
2744
2745
2745
2746
2746
2746
2748
2749
2751
2751
2752
2753
2754
2755
2756
2758
2759
2759
2761
2761
2761
2761
2762
2763
2764
2765
2765
2768
2770
2771
2771
2772
2772
2773
2773
2778
2778
2782
2783
2785
2785
2786
2787
2787
2788
2789
2789
2791
2795
2797
2798
2798
2799
2800
2801
2801
2802
2803
2804
2804
2804
2805
2806
2806
2806
2808
2809
2809
2810
2812
2813
2814
2814
2815
2815
2816
2816
2818
2818
2819
2819
2822
2823
2823
2824
2826
2826
2831
2833
2833
2835
2835
2835
2835
2837
2837
2837
2838
2838
2839
2839
2842
2843
2843
2845
2848
2848
2849
2849
2850
2851
2851
2851
2854
2854
2855
2856
2856
2859
2861
2862
2863
2864
2864
2865
2867
2868
2869
2869
2872
2874
2874
2874
2874
2876
2876
2876
2876
2878
2881
2881
2881
2882
2883
2884
2884
2889
2891
2891
2891
2891
2895
2895
2895
2896
2897
2903
2903
2904
2904
2904
2904
2905
2905
2905
2905
2906
2907
2907
2908
2911
2911
2911
2912
2912
2913
2915
2917
2918
2918
2920
2921
2922
2924
2924
2924
2925
2926
2926
2927
2929
2929
2931
2931
2932
2934
2939
2939
2946
2947
2947
2948
2949
2950
2950
2950
2951
2951
2952
2956
2956
2957
2957
2958
2960
2962
2963
2963
2964
2965
2966
2967
2968
2968
2969
2970
2970
2971
2971
2978
2981
2981
2982
2983
2983
2984
2984
2985
2985
2985
2987
2987
2988
2989
2989
2989
2990
2994
2994
2995
2996
2997
2998
2998
2998
2998
2999
3000
