626
965
105
1263
204
18
653
1698
25
1609
812
1341
1236
886
1004
712
1156
1864
955
372
1594
133
1343
1667
1415
1959
986
775
1595
775
652
69
1832
1108
1874
532
133
1376
1821
1512
14
1416
1934
1494
985
510
1725
1060
867
1844
1848
1839
281
86
88
1895
1011
85
848
1179
522
76
607
524
1898
1745
1621
881
931
745
529
775
1001
440
1529
1667
1532
117
1827
1077
1746
1094
336
1834
287
1628
1625
590
327
1645
209
1980
1194
1450
1674
1253
1006
1869
947
1592
395
226
1231
1331
463
1758
1185
599
642
1600
515
1777
1651
418
1302
570
1265
1499
676
605
1751
613
1793
1264
1663
1287
752
1
375
702
34
734
1488
877
489
1217
3
125
1770
358
78
754
689
891
156
749
1854
1347
515
1799
606
502
1575
1681
837
73
1996
693
726
1141
952
1368
1557
1943
279
1566
163
1267
1496
1434
1961
886
389
1457
689
1079
528
746
685
1672
1848
1108
1770
1823
1115
516
1839
923
117
937
1568
1830
263
878
352
1510
1075
1179
1795
1615
404
1864
1633
1769
1738
1184
1862
121
1490
909
566
1134
1141
1286
1726
923
1895
1794
1334
1420
271
439
882
1526
311
1060
552
80
1737
1399
331
616
633
1964
1094
1315
626
1922
1301
5
1784
491
1677
1497
1229
1889
1948
493
239
848
699
1950
270
1827
880
731
1179
1790
1039
424
1596
741
353
722
1741
1848
1181
1930
1952
189
402
463
1909
88
1143
1900
69
376
297
604
1943
1217
868
1893
1717
897
557
504
1561
113
1916
1939
1681
459
1879
545
1923
1795
1208
896
729
915
113
812
1949
1158
678
876
832
1585
1753
1529
1171
1337
36
1799
665
821
1486
1537
1924
369
928
1221
1308
1915
1841
809
638
894
830
1225
1025
1369
245
1663
484
1452
1632
1821
451
174
896
345
1896
1725
1599
1830
1357
835
1623
731
1552
1857
433
1714
272
1147
1973
495
84
1807
928
986
907
131
1364
220
1918
1595
1785
338
321
1508
545
961
280
1648
633
1126
886
1358
1676
1784
1281
917
98
381
1282
173
469
517
1000
1930
420
1271
1675
1990
1200
1335
430
777
1651
688
47
455
1313
19
1128
647
599
844
1991
1836
1488
350
811
786
1543
1099
5
1494
1014
305
1806
1490
333
644
1095
468
1646
1684
586
1577
1380
1995
528
971
1204
1189
925
725
1292
1644
1237
287
1225
624
194
1867
724
1535
525
1114
1580
854
1353
1691
1311
708
208
1457
1921
1223
1845
256
1375
726
1609
1604
1422
618
233
671
1261
970
1572
1005
1737
1777
1418
1892
366
638
1471
1677
347
88
1839
1210
1694
1212
396
1891
207
1413
1747
1953
585
1878
1421
1318
450
1719
1041
1175
1580
1129
503
1016
1028
776
1223
34
24
1260
1087
1555
934
1052
275
1442
447
496
1535
1053
1322
1904
168
161
1797
319
1121
1109
6
398
1466
1732
95
1646
1122
453
736
806
733
904
87
1148
736
1568
754
884
937
567
1701
195
396
1395
1703
1166
248
1587
23
1300
25
533
1484
932
1398
1144
905
397
394
168
575
1376
896
1675
1981
1668
887
1303
1139
1798
1909
846
164
1994
872
1992
1834
1106
1335
939
1651
1482
1304
617
41
1454
107
999
319
681
643
1829
1751
507
36
622
912
1941
103
606
1885
948
1419
1899
721
856
422
1393
1622
96
362
622
446
1716
562
39
832
1839
1947
1925
1332
247
1840
96
570
1401
1805
1734
227
1318
293
1479
755
324
1807
1104
79
1378
1531
515
881
589
419
943
1146
936
1676
145
1463
395
1916
583
828
714
853
1277
76
1808
895
1798
411
313
724
1992
571
345
581
1044
1554
1436
442
688
861
75
1175
771
1677
616
682
1837
1648
1894
256
608
1531
1911
1607
1823
355
1043
1614
1666
427
930
889
467
903
647
1329
56
831
1546
1496
1533
1375
400
1306
461
955
344
1295
829
1568
980
1373
645
1494
706
1978
1196
977
983
1871
239
1223
647
600
1565
892
707
1143
434
872
223
745
1502
378
1710
1136
642
359
1853
352
534
1195
458
389
1865
239
1119
65
1382
827
254
1444
512
35
234
1876
298
189
1295
364
1846
35
704
1040
1543
1956
1819
1166
564
933
155
1584
844
1604
1786
14
1985
1485
1633
1905
1971
1237
1341
354
1866
1108
1136
1601
1934
208
241
1778
630
1332
1776
417
972
543
90
1158
1498
121
310
148
1603
320
1738
1755
416
1457
13
1389
229
35
1945
1998
303
973
1148
548
893
199
1020
1198
88
1965
1748
1825
1745
16
1792
301
1205
1527
481
1247
1983
1348
1501
736
1322
625
38
1850
1905
440
1605
618
342
722
595
2000
1883
1047
484
436
1232
356
1344
1092
601
315
383
1096
1115
452
1217
566
1124
1713
183
1920
1700
544
1153
1035
107
505
1173
1419
145
1447
1400
1691
1564
484
1293
360
1825
268
440
1645
1834
1524
1805
441
464
1267
1945
1980
1157
1518
172
1121
1361
242
1554
693
776
234
1661
1606
1252
1009
417
262
915
17
1019
1647
1999
1370
559
1008
1222
414
1404
678
775
1401
174
1894
792
1902
1248
934
758
300
1260
475
1881
1135
1585
1005
611
451
1296
471
726
1988
1603
667
1455
416
137
50
243
1406
1330
65
244
1864
852
151
1040
1588
440
755
246
353
388
466
1701
380
518
1270
611
97
265
210
1191
927
55
1073
532
1348
1916
1879
35
1976
690
1808
1884
1910
654
404
1616
277
1207
1260
837
1477
574
1902
687
228
1006
1475
952
1760
802
954
1580
1863
1421
998
163
1066
618
1266
107
960
288
1573
1810
7
1505
688
1853
1205
1440
1781
1448
1276
1965
161
59
1356
943
1834
517
1459
797
1588
599
1407
376
284
511
580
760
1128
1743
1657
1537
614
1386
349
1601
288
507
87
1497
1329
1042
1035
1238
1138
1884
264
300
1213
254
1310
1790
931
701
957
972
409
381
1624
633
236
739
1353
1719
85
9
1694
498
696
1727
1697
918
742
104
1813
1181
1747
232
476
1721
1954
1831
1333
1530
1292
866
563
797
1487
1311
745
178
1635
11
2
1304
1336
1731
429
55
731
507
821
9
247
765
830
838
1704
625
171
1370
1068
1173
1021
949
1906
490
918
672
1028
444
1676
1383
880
1659
1913
1607
433
170
1262
1908
1054
1364
856
711
1912
966
923
1332
151
1404
314
692
1214
956
1769
691
922
697
122
1127
1770
421
1203
1163
1096
775
1777
984
1846
1044
1798
927
724
1789
1373
549
222
213
750
1195
1073
94
509
1369
414
687
589
1959
1399
995
450
1832
1159
1472
1540
771
798
243
1808
1487
1546
261
1432
714
1857
1276
1674
342
1067
1025
1022
433
1100
1081
1352
719
1647
450
1518
1014
430
524
612
1206
13
417
1491
1091
887
1282
168
864
1601
1520
488
42
1498
1124
369
414
1092
667
1820
1384
92
546
1215
1705
1076
233
1599
115
1107
1831
946
1221
1538
203
1762
702
407
42
1454
95
1150
1017
618
1570
659
1224
1303
913
525
585
1246
324
932
461
1525
203
515
570
1492
1060
201
1706
1633
1097
713
1666
1783
297
1361
1229
933
33
1799
1525
387
903
687
1406
1040
1219
1882
127
215
810
473
1021
719
1481
1919
646
81
1034
1972
423
917
886
373
43
1845
695
873
496
371
393
687
1815
1046
1341
1267
1976
1504
1928
1807
304
923
574
254
1672
801
983
12
1011
651
492
1817
1811
1857
545
1900
777
976
30
180
1159
74
923
1162
1108
1160
1799
1170
1179
426
53
1969
96
1246
52
1096
1857
1167
682
1646
820
1397
860
1340
1619
394
1948
369
784
973
768
374
374
415
795
1596
271
1291
1946
513
1276
1299
1373
1554
1252
901
703
1930
1435
796
916
105
382
1875
863
1376
1401
532
1693
1608
1125
1567
961
34
241
1574
173
153
1580
1189
41
4
1053
1487
132
935
463
1795
596
857
924
302
731
161
1412
138
680
89
234
595
1543
1237
779
458
1927
1853
124
515
1077
997
752
921
938
285
19
786
350
1653
1317
957
855
1625
1414
583
1714
762
1066
620
1068
1724
666
1547
14
556
775
963
1907
554
843
1833
760
1988
1310
28
1007
851
1154
1663
1423
1678
1995
117
1723
1612
1374
1564
909
1896
1093
15
319
1261
253
1439
790
304
1420
1101
1820
1101
1730
1726
616
1098
747
752
1356
1768
1805
316
987
1575
149
945
1605
905
296
1424
880
1439
1817
1431
421
543
1094
517
1204
1735
239
1836
516
204
1668
1236
1739
1739
314
811
439
1088
1850
1275
1479
1845
101
212
664
1090
296
153
32
995
72
647
225
1719
1899
446
970
500
659
52
1056
104
535
383
580
1163
847
1425
129
1888
236
833
549
1146
1841
1331
106
203
786
409
191
1608
1848
658
759
1576
991
673
1694
91
1868
1850
516
1672
973
1109
1143
702
1631
292
721
60
1846
1905
235
1948
909
49
604
121
986
1301
1395
466
1117
1967
1437
7
1253
81
851
80
847
352
1731
829
332
1448
1993
1688
1293
1482
569
1847
1342
177
572
1997
1132
162
69
1616
804
1472
751
1477
1610
1151
1461
71
1314
1777
1613
1463
735
653
818
878
1174
1821
140
141
94
1318
1006
245
1078
1219
1372
1683
1090
810
1719
1267
1076
1456
1927
245
1955
1784
948
781
1963
710
1504
1140
432
1618
1220
1453
656
72
342
1138
485
1421
1428
684
3
652
447
752
1780
126
1383
1575
1949
1687
1887
455
1645
1853
1725
189
1618
1828
768
444
1959
725
350
1246
478
509
1625
777
1174
1393
1662
509
873
576
234
1626
117
592
1352
575
1685
1082
955
1469
1771
1186
197
138
1516
1535
402
929
1624
457
1588
1734
1348
1824
283
1703
1702
1240
33
1278
204
98
1327
772
234
759
272
64
1822
573
1552
1580
1538
1964
2000
1672
413
746
249
1848
598
1490
1338
1592
1430
1348
95
352
280
742
816
35
784
1671
660
1969
966
772
1232
1085
78
1316
241
1064
836
1342
609
924
1241
74
408
1365
725
981
1443
1305
1784
78
1962
569
385
429
816
95
681
1987
1644
1047
781
1213
495
1691
775
1154
1873
1814
360
1068
1853
1082
340
723
469
1452
665
341
547
1165
1661
1218
62
948
372
1875
741
1287
811
1978
1195
41
196
1989
767
1709
174
1996
1862
1496
1776
250
1208
245
49
217
1700
290
1159
1286
928
871
795
659
593
87
1733
1579
515
62
1946
1024
485
235
94
1696
517
1560
1351
854
1139
404
32
413
165
1233
1654
1024
951
585
35
684
508
1004
612
983
1509
372
489
297
221
1993
521
1912
1631
977
1776
931
436
1967
1494
1796
1837
1532
1372
776
1033
1299
1910
827
931
806
928
956
108
1375
782
576
608
